 -8.5999999999999996e+000
 -1.4000000000000000e+001
 -2.8000000000000000e+001
 -8.4000000000000000e+001
 -9.8000000000000007e+000
 -1.8000000000000000e+001
 -3.1000000000000000e+001
 -1.1000000000000000e+001
 -6.6000000000000000e+001
 -4.7000000000000000e+001
  3.3999999999999999e+000
  1.6000000000000001e+000
 -7.5999999999999996e+000
 -5.2000000000000002e+000
  4.8000000000000000e+001
  2.5000000000000000e+001
 -2.8000000000000000e+001
 -6.2000000000000000e+001
  1.7200000000000000e+002
  2.0400000000000000e+002
  1.9300000000000000e+002
  2.4800000000000000e+002
 -6.2000000000000002e+000
 -3.2000000000000000e+001
 -3.0000000000000000e+001
  2.4000000000000000e+001
  3.6000000000000000e+001
 -3.9000000000000000e+001
 -6.7000000000000000e+001
  8.3000000000000007e+000
 -5.1000000000000000e+001
 -7.6000000000000000e+001
  5.3000000000000000e+001
  6.7999999999999998e+000
  7.7999999999999998e+000
  9.5000000000000000e+001
  9.9000000000000000e+001
  9.8000000000000007e+000
  8.0000000000000000e+000
  3.5000000000000000e+001
  1.2000000000000000e+002
 -1.6000000000000000e+001
 -2.5000000000000000e+001
 -8.7000000000000000e+001
  1.1400000000000000e+002
 -7.7999999999999998e+000
 -6.3000000000000000e+001
 -2.8000000000000000e+001
 -2.6000000000000000e+001
 -4.0000000000000000e+001
  1.0000000000000000e+001
  4.0000000000000000e+001
  1.2400000000000000e+002
  7.6000000000000000e+001
 -1.9400000000000000e+002
  6.4000000000000004e+000
  1.1000000000000000e+001
  5.8000000000000000e+001
 -3.8000000000000000e+001
 -3.0000000000000000e+001
