  1.9000000000000000e-001
  1.3000000000000000e-001
  3.9000000000000001e-001
  4.4000000000000000e-001
  3.1000000000000000e-001
  3.1000000000000000e-001
  4.6000000000000002e-001
  3.2000000000000001e-001
  5.0000000000000000e-001
  5.2000000000000002e-001
  8.9999999999999997e-002
  5.0000000000000003e-002
  2.3000000000000001e-001
  2.3999999999999999e-001
  2.0999999999999999e-001
  2.0000000000000001e-001
  3.9000000000000001e-001
  5.9999999999999998e-001
  3.8000000000000000e-001
  4.6000000000000002e-001
  3.9000000000000001e-001
  3.8000000000000000e-001
  2.0000000000000001e-001
  4.2999999999999999e-001
  4.1999999999999998e-001
  1.6000000000000000e-001
  2.3000000000000001e-001
  4.6000000000000002e-001
  5.1000000000000001e-001
  1.3000000000000000e-001
  5.0000000000000000e-001
  5.9999999999999998e-001
  2.3999999999999999e-001
  1.1000000000000000e-001
  1.0000000000000001e-001
  2.8999999999999998e-001
  2.8000000000000003e-001
  1.4000000000000001e-001
  1.1000000000000000e-001
  2.3000000000000001e-001
  3.7000000000000000e-001
  3.4999999999999998e-001
  4.0000000000000002e-001
  3.9000000000000001e-001
  3.4000000000000002e-001
  2.0999999999999999e-001
  5.1000000000000001e-001
  4.5000000000000001e-001
  4.4000000000000000e-001
  4.5000000000000001e-001
  1.7000000000000001e-001
  2.3999999999999999e-001
  3.7000000000000000e-001
  2.8999999999999998e-001
  4.6000000000000002e-001
  1.1000000000000000e-001
  1.4000000000000001e-001
  2.8000000000000003e-001
  5.1000000000000001e-001
  3.4000000000000002e-001
